1 +3.789393579789955e+01
2 +3.797006507810173e+01
3 +3.786708350339867e+01
4 +3.781950411642698e+01
5 +3.759480016628586e+01
6 +3.759480016627369e+01
7 +3.746077125113896e+01
8 +3.747516984945408e+01
9 +3.731626880834840e+01
10 +3.721593356853341e+01
11 +3.694571869231213e+01
12 +3.694571869229703e+01
13 +3.675808552910657e+01
14 +3.673388438626559e+01
15 +3.654515831877502e+01
16 +3.641942690867246e+01
17 +3.613331908116403e+01
18 +3.613331908114814e+01
19 +3.593077133489410e+01
20 +3.589906060540788e+01
21 +3.571275379538785e+01
22 +3.559422255911088e+01
23 +3.532511686058688e+01
24 +3.532511686057227e+01
25 +3.514941955877470e+01
26 +3.514283787748008e+01
27 +3.499069577422727e+01
28 +3.491047640428766e+01
29 +3.468776207479759e+01
30 +3.468776207478595e+01
31 +3.457514372536018e+01
32 +3.462114812628333e+01
33 +3.452787148278766e+01
34 +3.450917579902232e+01
35 +3.435267627823412e+01
36 +3.435267627822670e+01
37 +3.432635860608281e+01
38 +3.444156296730259e+01
39 +3.441971453054136e+01
40 +3.447306826628197e+01
41 +3.438895357897982e+01
42 +3.438895357897700e+01
43 +3.445436324494912e+01
44 +3.464111252210647e+01
45 +3.468852671191932e+01
46 +3.480959910725880e+01
47 +3.478911368696232e+01
48 +3.478911368696341e+01
49 +3.493276332141176e+01
50 +3.517865000704192e+01
51 +3.527887934975425e+01
52 +3.544937627357467e+01
53 +3.547064421892716e+01
54 +3.547064421893081e+01
55 +3.566291349423434e+01
56 +3.594333609646181e+01
57 +3.606904276854029e+01
58 +3.626047865730419e+01
59 +3.629301467006472e+01
60 +3.629301467006908e+01
61 +3.649425796325757e+01
62 +3.677749368125743e+01
63 +3.689608639844101e+01
64 +3.707565825104582e+01
65 +3.708665354844008e+01
66 +3.708665354844286e+01
67 +3.725537480497538e+01
68 +3.750912078580976e+01
69 +3.758947521893705e+01
70 +3.772682629223400e+01
71 +3.768791370912835e+01
72 +3.768791370912788e+01
73 +3.778932287342600e+01
74 +3.798735699571642e+01
75 +3.800623346551066e+01
76 +3.807971291280650e+01
77 +3.797281628567159e+01
78 +3.797281628566681e+01
79 +3.798600295028120e+01
80 +3.811359082912652e+01
81 +3.806042631116120e+01
82 +3.806155351823159e+01
83 +3.788261483296068e+01
84 +3.788261483295128e+01
85 +3.780485992799098e+01
86 +3.786179305490224e+01
87 +3.774087926709070e+01
88 +3.767609252220261e+01
89 +3.743590873621339e+01
90 +3.743590873620011e+01
91 +3.728324519806325e+01
92 +3.728388395928880e+01
93 +3.711348241558188e+01
94 +3.700281137601817e+01
95 +3.672480811517078e+01
96 +3.672480811515529e+01
97 +3.652871493173385e+01
98 +3.649902754562881e+01
99 +3.630760407042503e+01
100 +3.618053964252977e+01
101 +3.589594079462046e+01
102 +3.589594079460467e+01
103 +3.569685206789629e+01
104 +3.566905991241145e+01
105 +3.548941497476712e+01
106 +3.537882835996560e+01
107 +3.512021787482767e+01
108 +3.512021787481370e+01
109 +3.495918538382755e+01
110 +3.496511909181324e+01
111 +3.482762448670002e+01
112 +3.476298920555960e+01
113 +3.455759223126150e+01
114 +3.455759223125099e+01
115 +3.446782062283521e+01
116 +3.453235659749029e+01
117 +3.445869277608006e+01
118 +3.446000724907093e+01
119 +3.432407640476690e+01
120 +3.432407640476092e+01
121 +3.432407644221252e+01
122 +3.446000736026900e+01
123 +3.445869295382879e+01
124 +3.453235682177874e+01
125 +3.446782091419262e+01
126 +3.446782091419111e+01
127 +3.455759258786779e+01
128 +3.476298961441746e+01
129 +3.482762494643931e+01
130 +3.496511959269431e+01
131 +3.495918592288167e+01
132 +3.495918592288378e+01
133 +3.512021845549643e+01
134 +3.537882898698702e+01
135 +3.548941563668127e+01
136 +3.566906059921798e+01
137 +3.569685273675036e+01
138 +3.569685273675435e+01
139 +3.589594147226303e+01
140 +3.618054034177715e+01
141 +3.630760476445292e+01
142 +3.649902825714808e+01
143 +3.652871561797660e+01
144 +3.652871561798064e+01
145 +3.672480876989511e+01
146 +3.700281200355237e+01
147 +3.711348300535738e+01
148 +3.728388451483945e+01
149 +3.728324570001937e+01
150 +3.728324570002145e+01
151 +3.743590917420917e+01
152 +3.767609290584026e+01
153 +3.774087959293605e+01
154 +3.786179331030509e+01
155 +3.780486012140661e+01
156 +3.780486012140496e+01
157 +3.788261495297407e+01
158 +3.806155358719139e+01
159 +3.806042631757366e+01
160 +3.811359077015345e+01
161 +3.798600282854363e+01
162 +3.798600282853752e+01
163 +3.797281609084017e+01
164 +3.807971266242954e+01
165 +3.800623315719726e+01
166 +3.798735663970556e+01
167 +3.778932246071665e+01
168 +3.778932246070605e+01
169 +3.768791323675639e+01
170 +3.772682576675195e+01
171 +3.758947466700062e+01
172 +3.750912020296902e+01
173 +3.725537420955359e+01
174 +3.725537420953957e+01
175 +3.708665292650362e+01
176 +3.707565761922429e+01
177 +3.689608576081049e+01
178 +3.677749303252909e+01
179 +3.649425733916994e+01
180 +3.649425733915425e+01
181 +3.629301405458533e+01
182 +3.626047802324713e+01
183 +3.606904214622671e+01
184 +3.594333550588178e+01
185 +3.566291294094373e+01
186 +3.566291294092836e+01
187 +3.547064370271403e+01
188 +3.544937578363727e+01
189 +3.527887892502863e+01
190 +3.517864964219243e+01
191 +3.493276297096338e+01
192 +3.493276297095022e+01
193 +3.478911339637153e+01
194 +3.480959887504261e+01
195 +3.468852649752760e+01
196 +3.464111237599980e+01
197 +3.445436314165574e+01
198 +3.445436314164645e+01
199 +3.438895354463389e+01
200 +3.447306828418960e+01
201 +3.441971460251100e+01
202 +3.444156309871364e+01
203 +3.432635879953597e+01
204 +3.432635879953134e+01
205 +3.435267653651596e+01
206 +3.450917610064040e+01
207 +3.452787183286195e+01
208 +3.462114851726334e+01
209 +3.457514417472284e+01
210 +3.457514417472255e+01
211 +3.468776256959983e+01
212 +3.491047692616732e+01
213 +3.499069629962175e+01
214 +3.514283846895245e+01
215 +3.514942016863490e+01
216 +3.514942016863792e+01
217 +3.532511748606277e+01
218 +3.559422319066116e+01
219 +3.571275442010954e+01
220 +3.589906126021554e+01
221 +3.593077195778243e+01
222 +3.593077195778677e+01
223 +3.613331968732436e+01
224 +3.641942749078112e+01
225 +3.654515888126581e+01
226 +3.673388492505779e+01
227 +3.675808602198830e+01
228 +3.675808602199209e+01
229 +3.694571914187513e+01
230 +3.721593397413758e+01
231 +3.731626917979504e+01
232 +3.747517017028779e+01
233 +3.746077153552174e+01
234 +3.746077153552287e+01
235 +3.759480038925053e+01
236 +3.781950428643567e+01
237 +3.786708361866172e+01
238 +3.797006514453353e+01
239 +3.789393581403920e+01
240 +3.789393581403635e+01
